Team,Game 1,Game 2,Game 3,Game 4,Overall Points
Sentinels,21,15,6,1,43
AlQadsiahEsports,0,13,19,8,40
Team Nemesis,5,8,7,19,39
AG.AL,5,28,1,1,35
Twisted Minds,0,11,23,0,34
Gen.G Esports,7,12,3,12,34
NRG,0,1,5,22,28
ENTER FORCE.36,20,0,3,4,27
Team Liquid,17,3,2,4,26
GoNext,6,4,4,9,23
JD GAMING,9,1,7,4,21
RRX,5,5,8,2,20
GaiminGladiators,2,1,13,3,19
EVOS,4,1,3,10,18
CrazyRaccoon,6,3,3,5,17
MOUZ,0,1,4,8,13
Team Orchid,5,1,3,1,10
FURIA,2,3,1,1,7
ShopifyRebellion,1,2,2,2,7
NOEZ FOXX,3,0,3,0,6
